#Example: Most of Europe north of med.
mild_winter = {
	1 2 3 4 5 6 8 9 10 11 12 13 14 15 16 17 18 19 20 21 22 23 24 25 26 38 42 43 45 47 50 60 61 62 63 64 65 66 67 68 69 70 90 110 111 112 198 199 200 201 202 203 204 205 206 207 208 209 210 215 216 217 218 233 235 237 243 322 323 324 325 326 327 328 329 330 331 332 342 343 344 445 469 470 471 472 480 563 939 943 944 945 946 951 952 953 954 955 956 1131 1132 1133 1134 1135 1136 1137 1138 1139 1140 1141 1142 1143 1144 1145 1146 1147 1148 1149 1150 1151 1152 1153 1155 1157 1270 1271 1281 1282 1283 1284 1285 1303 1364 1496 1497 1498 1499 1500 1504 1505 1506 1507 1508 1509 1510 1511 1512 1513 1514 1515 1516 1517 1518 1519 1521 1522 1523 1524 1525 1526 1527 1528 1529 1530 1531 1532 1533 1534 1535 1536 1537 1538 1539 1540 1541 1542 1543 1544 1545 1546 1547 1548 1549 1550 1551 1552 1553 1554 1555 1556 1557 1558 1559 1560 1561 1562 1563 1564 1565 1566 1567 1568 1569 1570 1571 1572 1573 1574 1575 1576 1577 1578 1579 1581 1582 1583 1584 1585 1586 1587 1588 1589 1596 1989 1996 2456 2455 2457 27 28 29 30 31 32 33 34 35 36 39 40 41 48 49 54 52 54 55 56 57 58 59 185 219
}

#Example: Inland Europe & Scandinavia
normal_winter = {
	109 147 345 346 347 348 349 350 351 352 353 354 355 356 357 358 359 360 361 362 363 364 365 366 367 368 369 370 371 372 373 374 375 376 377 378 379 380 381 382 383 384 385 386 387 388 389 390 391 392 393 394 395 396 397 398 399 400 401 402 404 407 408 409 410 411 412 413 414 415 416 450 451 452 453 454 455 456 457 458 459 460 461 462 463 464 465 466 467 468 485 486 487 488 489 490 491 492 493 494 495 496 497 498 499 500 501 502 503 504 505 506 508 509 510 511 512 513 514 515 516 517 518 519 520 524 525 526 527 528 529 530 531 532 533 534 540 542 546 551 555 556 557 578 579 580 581 582 583 584 585 586 587 588 589 592 600 601 602 603 604 605 606 609 627 697 733 792 804 822 835 865 866 876 877 879 890 893 898 899 900 901 903 904 906 907 908 909 910 911 912 913 914 1016 1018 1019 1020 1021 1022 1023 1024 1026 1027 1028 1029 1030 1031 1032 1033 1034 1035 1036 1037 1038 1066 1102 1129 1156 1175 1177 1180 1181 1182 1183 1184 1185 1186 1187 1188 1189 1190 1191 1192 1193 1194 1195 1323 1324 1328 1329 1330 1359 1360 1580 2121 2131 2465 2480 2459 482 483 484 897 902 966 965 967 787 788 937 878 1178 1179 596 612 599 1398 53
}

#Example: Russia & Lappland
severe_winter = {
	37 106 107 109 114 116 124 125 136 140 149 152 153 154 155 443 444 507 521 522 523 535 536 537 538 539 541 543 547 548 549 550 551 552 553 554 558 559 560 561 562 564 565 566 567 568 569 570 571 572 573 574 575 576 577 607 608 610 611 613 614 615 616 617 618 619 620 621 622 623 624 625 626 628 629 630 631 632 633 634 635 636 637 638 639 640 641 642 643 644 645 646 647 648 649 650 651 652 653 654 655 656 657 658 659 660 661 662 663 664 665 666 667 668 669 670 671 672 673 674 675 676 677 678 679 680 681 682 683 684 685 686 687 688 689 690 691 692 693 694 695 696 697 698 699 700 701 702 703 704 705 706 707 708 709 710 711 712 713 714 715 725 726 729 730 731 732 734 735 736 737 738 739 740 741 742 743 744 745 746 747 748 749 750 751 752 753 754 755 756 757 758 759 760 761 762 763 764 765 766 767 768 769 770 771 772 773 774 775 776 777 778 779 780 781 782 783 784 785 786 789 790 791 793 794 795 796 797 798 799 800 801 802 803 805 806 807 808 809 810 811 812 813 814 815 816 817 818 819 820 821 823 824 825 826 827 828 829 830 831 832 833 834 835 836 837 838 839 840 841 842 843 844 845 846 847 848 849 850 851 852 853 854 855 856 857 858 859 860 861 862 863 864 867 868 869 870 871 872 873 874 875 880 881 882 883 884 885 886 887 888 889 891 892 894 895 896 919 922 923 926 927 928 929 930 931 932 934 935 936 938 957 960 961 962 963 964 970 976 977 978 979 980 981 982 983 984 985 986 996 1198 1208 1212 1213 1214 1215 1216 1217 1218 1219 1220 1221 1222 1223 1224 1225 1226 1227 1228 1229 1230 1231 1232 1233 1234 1235 1236 1300 1301 1302 1304 1305 1306 1309 1310 1312 1313 1314 1317 1318 1319 1320 1321 1322 1325 1326 1327 1331 1332 1333 1334 1335 1336 1337 1338 1339 1340 1341 1342 1343 1344 1345 1346 1347 1348 1349 1907 2016 2017 2452 2466 2468 2469 2471 2474 2477 2481 2488 2464 2467 2472 2475 2499 716 717 718 719 720 721 722 723 724 726 727 728 2295 2296 2297 925 2298 2299 2300 2301 2302 2303 2304 997 999 998 1204 1206 1205 1207 1208 920 924 987 2447 2466 2488 2492 1093 2470 1311 1316 1370 1315 1203 995 994 993 1238 1237 992 991 990 989 988 1088 1275 1087 1201 1200 1202 1243 1089 2554 2555 2548 2549 2550 2553 2542
}
